100
2 1
500 300
900
660
2 1
500 300
1500
809
2 2
50 100
450 449
1100 1101
2 1
500 300
300
500
1 8
10
11 13 17 11 16 14 12 18
2 8
5 6
7495 7414 7280 6750 7367 6795 7510 8050
8826 9900 8994 8536 9851 9370 9966 9012
2 8
6 8
1784 10835 8363 14400 9720 14287 1320 5400
20870 19200 14791 10791 7200 2170 1440 15840
2 8
456225 223796
806590 879987 708081 923027 891687 997500 861100 575661
950846 684465 83288 713815 509610 950570 688708 982700
2 7
7 7
2100 1260 3349 742 2827 4410 4535
3294 2653 5390 2100 735 4236 1540
2 6
19847 806371
686660 714807 920377 971836 947722 623525
989543 648030 857228 181365 808055 990332
2 3
2 8
2223 2952 4600
8911 18400 13330
2 6
10 10
10 90 85 21 90 10
110 18 10 10 110 86
2 3
5 3
19 55 18
12 27 13
2 6
470634 284825
887907 694408 744970 898255 747784 963511
989291 955397 168151 887836 853928 556232
1 6
5
5000 5500 5188 5173 4577 5000
1 5
3
3670 3240 3484 3253 3588
2 8
3 2
3 3 3 3 3 33 3 3
18 2 2 2 2 2 2 2
2 6
2 1
2700 3000 3195 2877 3322 2927
1351 1370 1579 1359 1500 1650
2 3
270871 44696
737718 965877 788455
494578 761162 661591
2 5
10 7
4258 3828 4400 4292 4000
2800 2997 2796 2599 2520
1 4
16684
889143 820779 980945 912962
2 1
5 9
2050
3840
2 8
1 1
1000000 999999 999998 999997 999996 999995 999994 999993
999992 999991 999990 999989 999988 999987 999986 999985
2 8
1 9
601 500 270 220 376 102 762 770
3828 2620 1620 4500 5670 6865 947 5523
2 8
10 1
8112 8333 8020 7735 8101 8666 7658 8910
758 758 802 792 729 876 816 870
1 6
10
23100 13625 8177 15000 22000 15558
1 2
1
1446 1616
2 6
217220 696001
367721 986727 939956 623619 981323 867451
461425 963509 680722 957054 906619 951437
2 6
624717 471614
852250 606079 600591 880148 638586 869049
610303 717728 919179 452399 867974 342410
1 3
1
6 9 3
2 3
2 2
2 22 2
2 18 2
2 3
4 5
381 838 1080
1650 487 992
1 8
24638
985838 917440 719273 936814 712465 902751 820130 377177
1 4
4
2799 2308 3520 800
1 4
4
3240 2425 2400 6581
2 8
147031 596824
899483 875701 351348 977076 691639 604522 119470 905323
970140 948188 933911 908380 231102 709828 820483 428912
2 1
10 5
1018
481
2 2
1 6
100 194
1257 600
1 8
7
7283 7735 7093 7735 7610 7736 8470 8240
1 1
9
81
2 3
10 8
2000 968 3300
2160 1600 725
1 7
4
36 4 4 4 44 4 4
1 1
5
5
2 4
1 2
1700 1870 1789 1571
3400 3709 3719 3060
1 4
4
5006 1600 362 360
2 4
7 2
15309 4174 10500 18480
1118 4320 3000 4372
2 8
4 1
9982 11000 10587 10000 9321 9819 10000 9433
2500 2426 2358 2252 2524 2573 2250 2500
2 8
8 2
18480 18568 16784 17005 16623 18368 16768 17833
3780 4213 4192 3793 4196 3798 4414 4055
2 7
10 2
10890 13048 11590 12020 12306 12118 13249
2594 2662 2207 2335 2518 2615 2404
2 8
1 10
1600 1312 490 200 450 2038 402 2200
5500 5135 18000 19312 4346 16000 13802 2000
1 1
2
218
2 4
1 5
1 7 11 7
5 37 45 35
2 3
3 10
2456 2970 2700
8100 8119 9000
1 1
5
10862
2 8
5 1
5 5 45 5 5 55 5 5
1 11 1 1 9 1 1 1
2 8
6 1
37 66 46 30 66 6 24 13
6 2 8 9 5 9 1 4
2 1
9 8
3600
3200
2 7
7 10
14630 13265 14630 12156 13267 12030 14126
18950 18252 19004 17100 17100 17200 18370
2 3
8 7
49 15 56
44 13 49
2 2
249531 116501
591009 858460
988597 987120
1 6
1
1400 1389 1371 1100 1980 964
1 3
1000000
900001 900000 899999
1 1
7
10546
1 5
235412
877680 821398 999864 675724 890597
1 6
3
1719 540 926 316 1500 1083
2 3
4 6
8 32 17
13 26 48
2 1
7 8
9041
9696
2 2
3 2
279 660
196 425
2 8
10 3
6763 7709 7609 6633 6300 6390 6980 6950
2343 2310 2085 2125 2094 2087 2109 1973
2 2
10 10
40 19
22 38
2 8
9 8
9 27 9 54 9 81 81 9
8 8 8 24 8 48 88 88
2 8
3 1
1124 1949 563 2640 301 1500 1930 810
186 373 720 500 330 105 653 654
2 4
2 5
1829 1800 1440 3262
4572 4400 8621 4500
2 2
7 10
7 7
9 10
1 8
8
16 49 72 15 16 60 16 17
2 1
4 3
26
21
1 4
1
1080 1165 1213 1203
1 4
420260
921077 719930 831731 891252
1 3
4
4 19 24
1 4
2
220 749 658 423
1 8
10
3 6 1 7 5 8 4 2
1 8
9
13770 16830 15472 16506 16687 15300 14580 15049
1 1
17610
644943
1 3
10
2700 1837 1000
2 8
178366 810459
964825 922129 896751 585242 966359 481639 910370 562309
814542 991716 976228 606329 992580 829169 922490 959681
2 4
5 5
9841 10500 9589 11550
10795 9450 10484 10500
2 6
6 8
7218 8580 7788 8307 7074 7963
11117 11528 9360 11202 10384 10342
2 8
4 9
440 400 412 379 406 360 364 400
900 810 965 810 990 963 863 900
2 5
4 8
6608 6116 6400 5760 6563
12800 13567 12529 11942 14080
1 5
6
2555 1200 1980 2756 557
1 8
10
25000 27500 24583 27252 24601 25000 27500 24438
2 3
7 6
5873 7846 10080
6676 10560 4970
2 2
4 4
360 845
817 440
1 5
461466
699343 898073 946663 692125 915931
2 3
7 10
7 7 7
10 10 9
1 8
334351
798248 995185 990739 781362 865658 906714 637242 786585
2 3
5 6
8158 8790 8480
10051 10465 10176
1 5
3
1554 1436 1350 1388 1500
2 1
6 9
8945
12642
2 7
10 2
16779 15960 14490 16048 16786 15970 15902
3415 3542 2977 3194 3192 2942 3431
