100
4 2
5 2
6 2
1000 1000
1000 1
4 1
805003 762731
295137 264916
500000 1
1000000 524287
999999 499999
464219 451891
500000 262144
1000000 500000
685939 642381
1000000 524288
1000000 499999
500000 250000
800770 618035
5 1
286643 222676
574146 530307
1000000 499998
863056 725751
462346 388916
999999 475711
999999 127
795370 679168
1000000 475713
1000000 2
1000000 127
670731 588369
867854 733217
999999 523228
500000 499999
844069 682040
3 2
500000 131072
2 2
863683 770051
500000 131071
999999 524287
500000 500000
500000 128
999999 2
561930 552225
999999 475712
440896 354694
682146 589948
1 1
982447 837289
500000 249998
266552 265846
500000 262143
256491 205193
500000 237856
912849 882410
428048 326928
500000 2
754721 720197
950183 867247
999999 499998
999999 524288
557317 497235
1000000 128
313017 235519
999999 262143
999999 1
1000000 1000000
1000000 1
999999 499997
923347 841040
282176 264771
805466 660870
999999 128
1000000 999999
999999 999998
710616 576676
500000 237857
1000000 502841
451188 450541
466690 426897
455774 416570
500000 249999
1000000 475712
521703 422129
1000000 262143
367103 296901
856733 848271
500000 244823
500000 227166
1000000 309081
2 1
999999 308161
500000 127
273953 252450
3 1
999999 999999
1000000 262144
999999 262144
